-4.37114e-011 0.001
1.74528e-005 0.00299992
9.59835e-005 0.0059989
0.000348948 0.0109925
0.000798819 0.0169756
0.00157948 0.0249374
0.00278085 0.034865
0.00447166 0.0467453
0.00657251 0.0595744
0.0091238 0.07334
0.01214 0.0880336
0.0156575 0.103642
0.0197126 0.120151
0.0243106 0.137554
0.0294839 0.155836
0.0352646 0.174983
0.0416493 0.194989
0.0486664 0.21584
0.0563439 0.23752
0.0650582 0.260952
0.0748221 0.286125
0.0856857 0.313013
0.0976987 0.341591
0.11091 0.371831
0.125313 0.40373
0.14095 0.437264
0.157863 0.472406
0.176093 0.50913
0.195681 0.547409
0.216599 0.587252
0.238881 0.628634
0.262562 0.671532
0.287183 0.71505
0.31276 0.759172
0.339308 0.803885
0.366764 0.849219
0.395139 0.895163
0.424448 0.941703
0.454701 0.988828
0.485912 1.03652
0.518093 1.08478
0.551256 1.13357
0.585326 1.18296
0.620315 1.23293
0.65623 1.28347
0.692497 1.33375
0.729115 1.38379
0.766081 1.43356
0.803393 1.48308
0.84105 1.53233
0.878965 1.58139
0.917136 1.63024
0.955562 1.6789
0.994243 1.72735
1.03318 1.7756
1.07236 1.82365
1.1118 1.87149
1.15149 1.91912
1.19142 1.96655
1.2316 2.01377
1.27204 2.06077
1.31263 2.10763
1.35273 2.1536
1.39233 2.19868
1.43142 2.24286
1.47001 2.28617
1.50807 2.32859
1.54562 2.37015
1.58263 2.41083
1.61979 2.45138
1.65634 2.49112
1.69228 2.53008
1.72761 2.56823
1.76376 2.60699
1.80045 2.64661
1.83747 2.68729
1.87465 2.72917
1.91189 2.77232
1.94909 2.81681
1.98614 2.86273
2.02292 2.91014
2.05937 2.95905
2.09547 3.00946
2.13058 3.06055
2.1648 3.11226
2.19812 3.16455
2.2306 3.21735
2.26235 3.27061
2.29344 3.32425
2.32388 3.37826
2.35375 3.43259
2.38314 3.48718
2.41215 3.54198
2.44088 3.59692
2.46941 3.65197
2.49785 3.70706
2.52628 3.76215
2.55481 3.8172
2.58354 3.87214
2.61255 3.92694
2.64175 3.98163
2.67058 4.03539
2.69855 4.08734
2.72583 4.13738
2.75307 4.18631
2.77974 4.23327
2.80699 4.27989
2.8342 4.32537
2.86137 4.3697
2.88848 4.41291
2.91549 4.45498
2.94356 4.49756
2.97234 4.54087
3.00159 4.58507
3.03116 4.63025
3.06087 4.67654
3.09063 4.72397
3.12033 4.77263
3.14985 4.82255
3.17917 4.87375
3.20826 4.92623
3.23709 4.97998
3.26562 5.03503
3.29338 5.09047
3.32037 5.14629
3.34667 5.20243
3.37238 5.25885
3.39759 5.31549
3.42242 5.3723
3.44684 5.42929
3.47097 5.4864
3.49489 5.5436
3.51872 5.60084
3.54254 5.65808
3.56647 5.71528
3.5906 5.77239
3.61502 5.82938
3.63984 5.88619
3.66465 5.94192
3.68954 5.99652
3.71447 6.04999
3.73944 6.10234
3.76399 6.15267
3.7887 6.20181
3.81355 6.24975
3.83852 6.2965
3.86365 6.34202
3.88891 6.38632
3.91429 6.42941
3.93982 6.47123
3.96547 6.5118
3.9912 6.55113
4.01755 6.59005
4.04381 6.62782
4.06994 6.66446
4.09599 6.69992
4.12198 6.73417
4.14784 6.76727
4.17416 6.8
4.20018 6.83168
4.22595 6.86228
4.25148 6.89175
4.27671 6.92017
4.30229 6.94828
4.32743 6.97542
4.35221 7.00154
4.37661 7.02663
4.40127 7.05146
4.42544 7.07538
4.44913 7.09834
4.47307 7.12106
4.49644 7.14292
4.51999 7.16458
4.54288 7.18549
4.56518 7.20556
4.5869 7.22478
4.60878 7.2438
4.63004 7.26203
4.65146 7.28006
4.67217 7.29738
4.69224 7.31392
4.71241 7.33032
4.7319 7.34598
4.75149 7.36151
4.77032 7.37638
4.78926 7.39113
4.80744 7.40522
4.82571 7.41919
4.84318 7.43256
4.85996 7.44519
4.87682 7.45771
4.89374 7.47015
4.90984 7.48201
4.926 7.4938
4.94133 7.50502
4.95672 7.51616
4.9713 7.52672
4.98594 7.53719
5.00057 7.54767
5.01596 7.55881
5.032 7.57077
5.04859 7.58364
5.06566 7.59751
5.08315 7.61245
5.10099 7.62851
5.11985 7.6464
5.13891 7.66553
5.15743 7.68518
5.17542 7.70531
5.19292 7.72587
5.20995 7.74682
5.22653 7.76813
5.24271 7.78975
5.2585 7.81165
5.27509 7.83543
5.29196 7.86024
5.30966 7.8869
5.32828 7.91535
5.34789 7.94554
5.36859 7.97741
5.39055 8.01084
5.41312 8.04507
5.43672 8.08101
5.46117 8.11879
5.48628 8.15852
5.51196 8.20025
5.53807 8.24406
5.56407 8.28909
5.58993 8.33536
5.61522 8.38193
5.64048 8.42966
5.66571 8.47853
5.69096 8.52851
5.71586 8.57867
5.74049 8.62896
5.76539 8.68024
5.79064 8.73246
5.81631 8.78557
5.84252 8.83955
5.86936 8.89433
5.89648 8.94897
5.92453 9.00426
5.95316 9.05925
5.98246 9.11389
6.01261 9.16807
6.0437 9.22171
6.07582 9.27474
6.10913 9.32703
6.14362 9.37855
6.17804 9.4277
6.21305 9.47519
6.2486 9.52102
6.28462 9.56519
6.32179 9.6084
6.35941 9.64989
6.39741 9.68965
6.43573 9.7277
6.47509 9.76467
6.51472 9.79985
6.55456 9.83328
6.59525 9.86565
6.63604 9.89627
6.67679 9.92524
6.71742 9.95264
6.7587 9.97904
6.80151 10.0049
6.8442 10.0289
6.88666 10.0513
6.93059 10.073
6.97423 10.093
7.01749 10.1114
7.06215 10.129
7.10543 10.1445
7.15098 10.1597
7.19696 10.1735
7.2433 10.186
7.29094 10.1974
7.33889 10.2075
7.38808 10.2165
7.4385 10.2242
7.48911 10.2305
7.53986 10.2355
7.59172 10.2393
7.64466 10.2419
7.69764 10.2432
7.75064 10.2435
7.80364 10.2428
7.85761 10.2411
7.91255 10.2385
7.96844 10.2351
8.0223 10.2311
8.07711 10.2266
8.13289 10.2216
8.18665 10.2166
8.2414 10.2113
8.29614 10.2059
8.34887 10.2006
8.39961 10.1955
8.44935 10.1904
8.49709 10.1853
8.54282 10.1804
8.58756 10.1756
8.6303 10.1709
8.67205 10.1663
8.71279 10.1617
8.75155 10.1573
8.78931 10.1531
8.82608 10.149
8.86185 10.1449
8.89662 10.1409
8.9304 10.1371
8.96319 10.1334
8.99498 10.1297
9.02577 10.1261
9.05558 10.1227
9.08438 10.1193
9.11219 10.1161
9.13901 10.1129
9.16483 10.1099
9.19065 10.1069
9.21548 10.1039
9.23931 10.1011
9.26215 10.0983
9.28498 10.0956
9.30682 10.093
9.32767 10.0904
9.34852 10.0879
9.36837 10.0855
9.38723 10.0832
9.40609 10.0809
9.42396 10.0787
9.44182 10.0765
9.4587 10.0745
9.47557 10.0724
9.49144 10.0704
9.50732 10.0684
9.52221 10.0665
9.53709 10.0647
9.55098 10.0629
9.56487 10.0612
9.57776 10.0595
9.59066 10.0579
9.60256 10.0564
9.61447 10.0549
9.62637 10.0533
9.63728 10.0519
9.64819 10.0505
9.65909 10.0491
9.66901 10.0478
9.67893 10.0465
9.68884 10.0452
9.69776 10.044
9.70669 10.0428
9.71561 10.0417
9.72453 10.0405
9.73246 10.0394
9.74039 10.0384
9.74832 10.0373
9.75625 10.0362
9.76318 10.0353
9.77012 10.0344
9.77706 10.0334
9.78399 10.0325
9.78994 10.0317
9.79588 10.0309
9.80183 10.03
9.80777 10.0292
9.81371 10.0284
9.81867 10.0277
9.82362 10.027
9.82857 10.0263
9.83352 10.0257
9.83848 10.025
9.84343 10.0243
9.84838 10.0236
9.85234 10.023
9.8563 10.0224
9.86026 10.0219
9.86422 10.0213
9.86818 10.0208
9.87214 10.0202
9.8761 10.0196
9.88006 10.019
9.88302 10.0186
9.88599 10.0182
9.88896 10.0177
9.89193 10.0173
9.8949 10.0169
9.89787 10.0165
9.90084 10.016
